Ar-condicionado Gambá:

Desligar

{4428, 4264, 560, 1604, 504, 584, 560, 1604, 556, 1608, 584, 500, 612, 476, 612, 1552, 584, 504, 584, 500, 584, 1580, 612, 472, 588, 500, 612, 1552, 584, 1576, 588, 500, 612, 1556, 580, 504, 584, 1580, 608, 1556, 608, 1556, 608, 1556, 584, 500, 612, 1552, 612, 1556, 604, 1556, 612, 476, 584, 500, 584, 504, 580, 504, 608, 1556, 600, 488, 580, 508, 548, 1612, 584, 1580, 608, 1556, 584, 504, 580, 504, 580, 508, 552, 536, 576, 508, 476, 608, 580, 508, 576, 508, 556, 1608, 580, 1584, 580, 1584, 580, 1584, 556, 1608, 508, 5204, 4348, 4340, 552, 1612, 576, 508, 552, 1612, 552, 1612, 552, 536, 548, 536, 552, 1612, 552, 536, 476, 608, 552, 1612, 552, 532, 552, 536, 548, 1616, 548, 1616, 548, 536, 552, 1616, 476, 608, 548, 1616, 548, 1612, 552, 1612, 552, 1612, 556, 532, 576, 1588, 576, 1588, 520, 1644, 576, 508, 580, 508, 552, 532, 580, 508, 552, 1612, 580, 504, 580, 508, 524, 1636, 584, 1580, 584, 1580, 584, 504, 580, 504, 584, 504, 584, 500, 584, 504, 552, 532, 584, 504, 584, 500, 584, 1580, 584, 1580, 584, 1580, 584, 1580, 556, 1612, 548}


Ligar 

{4452, 4240, 536, 1628, 536, 552, 560, 1604, 532, 1632, 588, 500, 560, 524, 584, 1580, 560, 528, 588, 496, 584, 1580, 560, 528, 584, 500, 616, 1548, 560, 1604, 560, 528, 584, 1580, 584, 500, 588, 500, 584, 500, 584, 1580, 564, 1600, 560, 1604, 560, 1604, 560, 1608, 556, 1604, 560, 1604, 560, 1604, 612, 476, 560, 524, 560, 528, 560, 524, 560, 528, 560, 528, 556, 1604, 560, 1604, 560, 1608, 560, 1604, 560, 524, 560, 528, 560, 528, 556, 1604, 560, 528, 560, 524, 560, 528, 560, 528, 556, 1604, 560, 1604, 560, 1604, 476, 5236, 4292, 4396, 560, 1604, 560, 528, 556, 1604, 560, 1608, 556, 528, 560, 528, 556, 1604, 560, 528, 556, 532, 556, 1604, 560, 528, 556, 528, 560, 1604, 560, 1604, 560, 528, 556, 1608, 556, 528, 560, 528, 556, 528, 560, 1604, 560, 1604, 556, 1608, 560, 1604, 556, 1608, 556, 1608, 556, 1608, 556, 1608, 556, 528, 560, 528, 556, 528, 560, 528, 556, 532, 552, 532, 556, 1604, 560, 1604, 560, 1604, 560, 1604, 556, 532, 556, 528, 556, 532, 552, 1608, 560, 528, 556, 528, 556, 532, 556, 528, 556, 1608, 556, 1608, 556, 1608, 552}
